$ANSIBLE_VAULT;1.1;AES256
37303831303761663439353936613435616332306130323364666333613962333961346235396335
3163363063316237643632616531613834623331366266650a376233363965386137666433356434
36373266303833326264323637313535313466626662336137656531383837616636386266656635
6533343638333665370a376431356131656633616138303630383538623633663065663463616533
63393465366333353633616363336236646230633034303538613438306135636234323833616337
63386466636466356465663864626635613766346235373734313333306261313763343666333536
36373337663266316562316264656133306263643234633461643834396565663534616266396433
38343466386232393430313761643231316638303630373430323164636132336466333231636261
61353963613566343936343961663962356533666164376466646136643631346164613533343931
63363063303964633164626632323138643730356162663561653535386665386433313734663566
39633330363433666238376439396230626236313635616538653561386331663439653337346262
38393139626161623036356234666263656666343736626664643166303138346233393834616137
33393262326335333831366331306635653330336362393563666137616430313138653263373066
64636638646262663964323965373436326338323532643366653330643234646536643935616666
33623939363665353833656661396139643831313665623564633932346165616532396362363632
39656236636163366561346636343461666363363337646261636433623263653735393166383237
32363462303363376365623236313962323931613166313236623131356239393030356665376431
63326238653038366632613231396664383430396463323133393339383464386136333431323233
39636339633166346633633332623835386663373737393866373431636262616561666531623334
38653062303066303562626539376437626466663463393762396137653733666239396662663463
35373261343864346633666663316361663061326333396430646638303835613865656162623839
38353434613037313431383330366362626361393866363133306134356232666437656662393532
32336331633639323637653466663539613363663162383430356662326433656136316238346234
34623738396536353364626265653438343264356632646432646330643863323635633131646365
61336463623135656266656330346165623336653463633430303237393935363939376134303739
37316265333037336434653331323963616265303662336565646666363963363261383233306462
30336161306230333464316632636464363137383937353864376665336332346361386539646664
38353639636134633937323534346230663531303530656235393933396337353130373862616230
64306637343266363238643936626331613065616666626634396538346432353763336366336636
37333836396235363365616334646664653364333261346664326635666630643036616231646433
33343035373239616539656266306331396432656336623538313463373363373039663135306534
64373432336265663430336165366335393266333832366535383538336235656665313835313165
34343531383238663433313630383466323164306334616139393563366665656663653665343062
62656633363262643539383130376632366563663762353931333066313631656531653130373862
66613132653934333735616535313438376339356362636361326437663666636565656364633433
37623430646431633735343930623237363665366531303663633832663632626138393364343538
34303838656134623133636466653134623435313466623162333134613835393464663231323239
30623066346436326533333366336533356666626534316431616432353334333932663266616664
33393731326130666662363765366537393666303638636436363635353638346436633065643130
38323961633263623365623562356139626330356235396662623137343232616331356562626539
64666634373565353432333437623161363366666664646338646364376664316363643865373836
65303235353530613030613733633434373939356236333837366565643431393732633237653133
32396264616264383234633835323864643434383232343031376432653832356334366532396264
30616361396439393330373761313336653135316563663337373737613438666538396564353861
66323930313934363036623237366233366137316232666264373564623736633465323766636265
37646139373135366535613864656366323466306262313962633438393264633938626134616639
63646632313937303262663564663533623963326339383137636535303562346539306461633932
36383032383331343739323734613037616537643437316133396666663431623334396164353638
38626562346665306439303662313164313035663162363238303564353766653761623066626564
31303739653464353638363764353631343532336664363462656232373965336335376561336566
63383664633939353764306631393337313138623837626438653130653335383433353237613137
66623638373335613535353961636232636337333062663835303565356430313563626237666335
63616466383062323164346133626561376638343135353036346362393837353333643234646437
66656365646339376166366335643330326263616561633138663231373939326130323335623566
62356431333566616637303634303039636533616335643830336130656262656563666432386262
64373532363438666166376565393932623634313836323461393537626537363265303438363963
38653135356136383664363731383333633133383234643137346462386535373865333033626466
37643463326365636435393761303733616666613639316461653065343666386337383439663964
65623234383066363461616561363031343934356166636466373537393033353036316533363864
30386462326561333662326161636335323438373936623337363665343266366665616532313966
33353236313934303039373365643039643032383162326439353630326634323039333333303065
39663034376137346264303839323165333361353362383262626264383633656561353130393466
33613066613066343530616335636233346365313830363763666539393630306133303037633435
63323239376131316263613031653764633964396230343039343732383530373035346563316236
3331
