$ANSIBLE_VAULT;1.1;AES256
32333935356135313132346134336535303263373063613663363962633139386136616436656264
3966643565653336373864626530336638396236356565370a326135333132646336616233653861
30613464646539353131623163373535343065636531373863306139363561636133623439633235
3362656263643739320a633234356462323631316134663039363865373762393132666162326634
66386366663439343032633963323435633038666462653836386336376364336430376463313866
61393537366464383636666632643863363634363838316130326230333134373263373035353764
33326364666262336162653134643536643232376138383265313138356533653431346663613032
34626264626363326630386236366636386333363137623064386531643563643562663436323634
33333238626535336263366337323337363236333537356631393466646430333134653437663461
64353564663236376130663766376161616235313161326132646633393662353236346333313338
36306136643034376632613731306635386434626234666464663439616630663639313732363335
37356437353631383664663636383331623830303936323163656634623131393466343466623836
65343464316634623431613932623264643239323565623064343461316136303364653139633133
39373832333630646236333133653339643335373437643136363738373062313635616139353562
33643530326266373665326362343537653862666262333039373865353931613834353030656432
37373234363036336562633862386266363366306436303736633238633035323061363661663165
35373034626136623833633564646637643865376335653933336638636563343232623464653534
34623032623562613739363836356362393830633030303466373230326133383735663664653165
37376132646462616135353436663331613761303333613734353864626135646631626437353435
66653239303361303631623631393939306131653663613835333034633239663065353236653462
66356364626362393234626537333136353531633066626430386533316665623933316261373934
64333731613461356666653937616261343665336435633439623638666562636536613363363264
30383734396635346230643734623936663631653761656566356230363562643630636661346363
38623031383936343632666132376531636461383430316165303632653138363832663561636637
31643133353838653637336233646633333937376339616132623231383963656334393738646564
64333362326130363831653537313461306166333339633237326637346262323734613238303330
32633363333866323435333437353339616533636465343165366633613638626135646265393837
61323830613233323238363862663864333334393332633663396166323065363832393835353365
66633034353034306631333065316138356666383631613863376561623565323233393336633365
36313335356235346466656537623861653563376331393039613765613035393430666464653332
62643362613434383139343136643537336634653661333865666333393632393731653232396538
64343932663738386135396465323139656164393537386362396663376264303466383434373334
66393636666436393165333839306230363330623366353163333932383732376139336661386534
34623262363734623231653937353737333836613734633932333930633734383565646636636238
30356636663238313430396434323037623332323538653466653134306633653939616530613739
36333639336261333838646566326566366464633537653130633332643934623565323035326339
38393934316633396637353362626336326337376339633639636236383135646138663466656330
30343731393631313230366136373962373932613135336139326461376565346238333261666232
66393462623538373035666331393436613731363661653066393466623535363439343438353365
61626136653466323262643232356136396566343535353135326663373032393535383165373330
61643436633662376233373939353361366234633638656663393431356361303033323838623339
34666532663866386436663766613639313339356438663538393462323332616266323434303061
30656132646430343761653436393835356139383766343533646539393331373539633362353035
38636665613533656430333035643531666161646262313334383564366661303233363431343263
62356132323961383161303233373563326366353763396136353766316438386532626139336366
32386363613764646431346463356634306133393163636634303739393162633266656431393561
62623635653864393035363436636633363764313164623861373535623632313230666561626131
36616139343566666539313637353266356466626561653032356565656361343531386163633934
38333863666364383663396333666165643132643231313639663434366363613335323866393431
36383130613931376134623265666162346339616336326535663566333561366333363935636532
39393837313465383436343537343365393739356436336133633634613864613232366535333631
61366239633464393165623866393037663066353262313139316266386263303064396635393861
63613831663135623465363138303265393163313264623630356632393732343662326134613430
38656631353832333432313330346131636131636535333464363465306134313937356137303139
39373765636661323862663030643638316531333032363637653532393466333366353065343137
33313066333436313166326461356266626331353363393130633739616339633338616562343432
64653539666165393766316638336339383965633936643162336563306337373664356230316565
65616462326239303563373363333864386166383631383361643930366664666632323138356232
62613434393163636362626665326362633732366338646563376464363639646462353835323164
39333530396633613866666463643433643034306638353733306331333132343434343739333239
31333631663036633936383837636237326537376235396137663566653434613766303233613233
64636135396562353237363136666335353831646666393838326464353139313635396263373434
34303735333738643763346535316366386239663035316330613864326639313739323139656566
66636665353439663333346336376266626364643363363865333831653539363631363438333463
31333561393764383631643835383634656232653730663165316462323462626331303133326562
31303732626265633365653737306361363631333638303739623366333930396465363566633661
34363637376232643030623934343830636663626135316261333963386639633862663839623434
61356332343363633931623665656664646430663432633033363134343739663837346538373134
64303133633765363936366238376632333563313166373032656236623262633066313938336531
37303162656338316466363139383137613832653932623863306535363534623237623535373738
63376432653262613937643662646137653839373861623663383837303462326162616636336464
33306132643332656365326465653362656333386533633035386538303832303838613332626236
35326464373065383438383165323066316433383031313634373936396466373731326234633835
35363537343931333939326133663462303033613662663337323938356437383433646532663737
33663964653233646661343030646536333533613435383065393533383066616534643066333861
38333763633534646666313666646336313432356166313135393137353533336466323565396536
38323838613138303537386430636634663332356131643435323131336530393365383061643230
63373731623936356162653832383032376336656562656538663465356637626266643335373537
36313039343230326564653433306133633030666238323031363061653538373430616532326161
31353538323534353333633939643165653337363063343937666132623938316130363665623735
39313739346236633634663133346630633336356334376364303036663662636662383239656531
66346232646630376462656434616266636466326135383031623036396635383064353261376462
38323430326239373232386362666437396138313463646166313031653566613133333738343261
66643263396239653764343964363736303237636538623935366533623662373637663136336233
35353963306138393038393338663538373362343062393961363863386234346665353063306136
33313132313664393839613035306535373934613362633363336166353831306338653934356333
38393835383364666231313337653765656635336131373236356661343966393532383561366236
34383838383330356338
